 806974003
 2053256954
 1694599633
 2033539462
 1086686980
 133037659
 1936422247
 11492670
 1026186419
 806942586
 211423042
 1155093258
 509067495
 1181628404
 1672356531
 224861468
 983405360
 1940805848
 1300510480
 1030051063
 480367576
 1037723235
 424882112
 1868422736
 1109309148
 1097066540
 1085294767
 405653369
 390381837
 677763434
 241345959
 52851974
 555649586
 290268207
 1136317339
 871156882
 429259502
 2078449047
 1137512389
 550077856
 1283417602
 1692194047
 1431758057
 151710736
 1756903169
 1958452466
 866805334
 1719388482
 752706894
 1577966476
 1257962483
 1267833285
 1200803614
 1548888387
 1565311066
 839109670
 204691153
 1792367744
 1245277317
 242105205
 1490863827
 1424419678
 752917458
 1326259595
 758779402
 1705991838
 493638469
 736265051
 341831393
 704570090
 265249564
 881101995
 780223562
 399467889
 1819394589
 1104596256
 1789955411
 1107926291
 1465481306
 532585017
 1229235995
 229842464
 1295280160
 1199559894
 2082282149
 1725035476
 537169845
 1087280776
 259650348
 680277563
 512025677
 210734357
 1685168791
 864946049
 1389243111
 22822575
 274774160
 987291499
 1573268102
 1068667349
